0000000000000000000000000000000000000000
0000000000000000000000000000000000000000
0000000000000000000000000000000000000000
0000000000000000000000000000000000000000
0000001111111111111111111111111111100000
0000011000000000000000000000000000110000
0000110000000000000000000000000000011000
0000100000000000000000000000000000001000
0001100000000000000000000000000000001100
0001000000000000000000000000000000000100
0001000000000000000000000000000000000100
0001000000000000000000000000000000000100
0001100000000000000000000000000000001100
0000100000000000000000000000000000001000
0000110000000000000000000000000000011000
0000011000000000000000000000000000110000
0000001111111111111111111111111111100000
0000000000000000000000000000000000000000
0000000000000000000000000000000000000000
0000000000000000000000000000000000000000
