0000000000000000000000000000000000000000
0000000000000000000000000000000000000000
0000000000000000000000000000000000000000
0000000000000000000000000000000000000000
0000011100000000000000000000000011111100
0000110000000000000000000000001110000110
0000100000000000000000000000011000000010
0001000000000000000000000001110000000010
0001000000000000000000000111000000000010
0001000000000000000000011100000000000010
0001000000000000000001110000000000000010
0001000000000000000011000000000000000010
0001000000000000001100000000000000000010
0000100000000000111000000000000000000010
0000100000000011100000000000000000000010
0000011100000100000000000000000000000010
0000000111111000000000000000000000000000
0000000000000000000000000000000000000000
0000000000000000000000000000000000000000
0000000000000000000000000000000000000000