0000000000000000000000000000000000000000
0000000000000000000000000000000000000000
0000000000000000000000000000000000000000
0001000000000000000000000000001111000000
0001000000000000000000000000000001110000
0001000000000000000000000000000000011000
0001000000000000000000000000000000001000
0001000000000000100000000000000000001100
0001000000000011100000000000000000000100
0001000000011110110000000000000000000100
0001000001110000010000000000000000000100
0001000011000000010000000000000000001100
0001001110000000010000000000000000011000
0001111000000000011000000000000000110000
0001000000000000001110000000000011100000
0001000000000000000011111111111110000000
0000000000000000000000000000000000000000
0000000000000000000000000000000000000000
0000000000000000000000000000000000000000
0000000000000000000000000000000000000000
