0000000000000000000000000000000000000000
0000000000000000000000000000000000000000
0000000000000000000000000000000000000000
0000000000000000000000000000010000000000
0000000000000000000000000111110000000000
0000000000000000000000111000010000000000
0000000000000000000011100000010000000000
0000000000000000001100000000010000000000
0000000000000000011000000000010000000000
0000000000000001100000000000010000000000
0000000000000110000000000000010000000000
0000000000001100000000000000010000000000
0000000000111000000000000000010000000000
0000000011110000000000000000010000000000
0000111111111111111111111111111111111000
0000000000000000000000000000000000000000
0000000000000000000000000000000000000000
0000000000000000000000000000000000000000
0000000000000000000000000000000000000000
0000000000000000000000000000000000000000
