0000000000000000000000000000000000000000
0000000000000000000000000000000000000000
0000000000000000000000000000000000000000
0000000000000000000000000000000000000000
0000111111111111100000000000000111100000
0000100000000000100000000000000000110000
0001000000000000100000000000000000011000
0001000000000000100000000000000000001100
0001000000000000100000000000000000000100
0001000000000000100000000000000000000100
0001000000000000100000000000000000000100
0001000000000000100000000000000000001100
0001000000000000100000000000000000011000
0001000000000000110000000000000000110000
0001000000000000011000000000000001100000
0001000000000000001100000000000011000000
0001000000000000000111111111111100000000
0000000000000000000000000000000000000000
0000000000000000000000000000000000000000
0000000000000000000000000000000000000000