0000000000000000000000000000000000000000
0000000000000000000000000000000000000000
0000000000000000000000000000000000000000
0000000000000000000000000000000000000000
0000000000000000000000001111110000000000
0000000000000000000011110000001111000000
0000000000000111111100000000000001100000
0000000000011100011000000000000000110000
0000000111110000010000000000000000010000
0000001100000000010000000000000000010000
0000111000000000010000000000000000010000
0011000000000000010000000000000000010000
0110000000000000010000000000000000010000
0100000000000000001000000000000000010000
0000000000000000000100000000000000110000
0000000000000000000011000000000001100000
0000000000000000000001110000001111000000
0000000000000000000000011111110000000000
0000000000000000000000000000000000000000
0000000000000000000000000000000000000000