0000000000000000000000000000000000000000
0000000000000000000000000000000000000000
0000001000000000000000000000000000000000
0000000100000000000000000000000000000000
0000000100000000000000000000000000000000
0000000100000000000000000000000000000000
0000000100000000000000000000000000000000
0000000100000000000000000000000000000000
0000000100000000000000000000000000000111
0000000100000000000000000000001111111000
0000000100000000000000000111110000000000
0000000100000000000011111000000000000000
0000000100000000011110000000000000000000
0000000100000011110000000000000000000000
0000000100001110000000000000000000000000
0000000011110000000000000000000000000000
0000000000000000000000000000000000000000
0000000000000000000000000000000000000000
0000000000000000000000000000000000000000
0000000000000000000000000000000000000000