0000000000000000000000000000000000000000
0000000000000000000000000000000000000000
0000000000000000000000000000000000000000
0000000000000000000000000000000000000000
0000000001111111000000001111111111100000
0000001110000000110000110000000000010000
0000010000000000001001000000000000001000
0000110000000000000110000000000000000100
0000100000000000000010000000000000000100
0000100000000000000010000000000000000100
0000100000000000000010000000000000000100
0000100000000000000010000000000000000100
0000100000000000000010000000000000000100
0000110000000000000110000000000000001000
0000010000000000001001000000000000010000
0000011100000000110000100000000001100000
0000000011111111000000011111111110000000
0000000000000000000000000000000000000000
0000000000000000000000000000000000000000
0000000000000000000000000000000000000000