0000000000000000000000000000000000000000
0000000000000000000000000000000000000000
0000000000000000000000000000000000000000
0000000000111111111000000000000000000000
0000000111100000001110000000000000000000
0000011100000000000011000000000000000001
0000010000000000000001000000000000000011
0000010000000000000001100000000000000110
0000100000000000000000100000000000001100
0000100000000000000000100000000000111000
0000100000000000000000100000000011100000
0000100000000000000000110000000110000000
0000100000000000000000110000111100000000
0000010000000000000000110011100000000000
0000011000000000000000111110000000000000
0000001110000000000111100000000000000000
0000000011111111111100000000000000000000
0000000000000000000000000000000000000000
0000000000000000000000000000000000000000
0000000000000000000000000000000000000000
