0000000000000000000000000000000000000000
0000000000000000000000000000000000000000
0000000000000000000000000000000000000000
0000000000000000000000000000000000000000
0000000000000000000000000000001111110000
0000000000000000000000000001111000000000
0000000000000000001111111111010000000000
0000000000001111111000000000010000000000
0000000001111000000000000000010000000000
0000000001000000000000000000010000000000
0111111111000000000000000000010000000000
0000000001000000000000000000010000000000
0000000001111000000000000000010000000000
0000000000001111111000000000010000000000
0000000000000000001111111111010000000000
0000000000000000000000000001111000000000
0000000000000000000000000000001111110000
0000000000000000000000000000000000000000
0000000000000000000000000000000000000000
0000000000000000000000000000000000000000
