0000000000000000000000000000000000000000
0000000000000000000000000000000000000000
0000000000000000000000000000000000000000
0000000000000000000000000000000000000000
0000000000000000000000000000000000000000
0000000000000000000000000000000000000000
0000011111111111111111111111111111100000
0000100000000000000000000000000000010000
0000100000000000000000000000000000010000
0001000000000000000000000000000000001000
0001000000000000000000000000000000001000
0001000000000000000000000000000000001000
0001000000000000000000000000000000001000
0001000000000000000000000000000000001000
0000100000000000000000000000000000010000
0000110000000000000000000000000000110000
0000011110000000000000000000000111100000
0000000000000000000000000000000000000000
0000000000000000000000000000000000000000
0000000000000000000000000000000000000000