0000000000000000000000000000000000000000
0000000000000000000000000000000000000000
0000000000000000000000000000000000000000
0000000000000000000000000000000000000000
0000000000000000000000000000000000000000
0000000000000000000000000000000000000000
0000111111111111111111111111111111100000
0000011000000000000000000000000011000000
0000010000000000000000000000000001000000
0000001000000000000000000000000010000000
0000000100000000000000000000000100000000
0000000100000000000000000000000100000000
0000000010000000000000000000001000000000
0000000001000000000000000000010000000000
0000000000110000000000000001100000000000
0000000000001111111111111110000000000000
0000000000000000000000000000000000000000
0000000000000000000000000000000000000000
0000000000000000000000000000000000000000
0000000000000000000000000000000000000000