0000000000000000000000000000000000000000
0000000000000000000000000000000000000000
0000000000000000000000000000000000000000
0000000000000000000000000000000000000000
0000000000000000000000000000000000000000
0000000000000000000000000000000000000000
0000111111111111110001111111111111111000
0011000000000000001110000000000000001100
0010000000000000000100000000000000000100
0010000000000000000100000000000000000100
0010000000000000000100000000000000000100
0010000000000000000100000000000000000100
0010000000000000000100000000000000000100
0010000000000000000100000000000000000100
0010000000000000000100000000000000000100
0010000000000000000100000000000000000100
0010000000000000000100000000000000000100
0010000000000000000100000000000000000100
0010000000000000000000000000000000000100
0000000000000000000000000000000000000000
