0000000000000000000000000000000000000000
0000000000000000000000000000000000000000
0000000000000000000000000000000000000000
0000000000000000000000000000000000000000
0000000000000000000000000000000000000000
0000000000000000000000000000000000000000
0000000000000000000000000000000000000000
0000000111111111111110001111111111111110
0000001000000000000001110000000000000000
0000001000000000000000100000000000000000
0000001000000000000000100000000000000000
0000001000000000000000100000000000000000
0000001000000000000000100000000000000000
0000001000000000000000100000000000000000
0000001000000000000000100000000000000000
0000001000000000000000100000000000000000
0000001000000000000000100000000000000000
0000000000000000000000000000000000000000
0000000000000000000000000000000000000000
0000000000000000000000000000000000000000