0000000000000000000000000000000000000000
0000000000000000000000000000000000000000
0000000000000000000000000000000000000000
0000000000000000000000000000000000000000
0000000001111111111111111111111111110000
0000000110000000000000000000000000001100
0000001000000000000000000000000000000010
0000001000000000000000000000000000000010
0000001000000000000000000000000000000010
0000001000000000000000001000000000000010
0000001000000000000000001000000000000010
0000001000000000000000001000000000000010
0000001000000000000000001000000000000010
0000001100000000000000001000000000000110
0000000100000000000000001000000000000100
0000000011000000000000001000000000011000
0000000001111110000000001111111111110000
0000000000000000000000000000000000000000
0000000000000000000000000000000000000000
0000000000000000000000000000000000000000