0000000000000000000000000000000000000000
0000000000000000000000000000000000000000
0000000000000000000000000000000000000000
0001111111111111111000111111111111111100
0000000000000000000111000000000000000000
0000000000000000000010000000000000000000
0000000000000000000010000000000000000000
0000000000000000000010000000000000000000
0000000000000000000010000000000000000000
0000000000000000000010000000000000000000
0000000000000000000010000000000000000000
0000000000000000000010000000000000000000
0000000000000000000010000000000000000000
0000000000000000000010000000000000000000
0000000000000000000010000000000000000000
0000000000000000000010000000000000000000
0000000000000000000111000000000000000000
0001111111111111111000111111111111111100
0000000000000000000000000000000000000000
0000000000000000000000000000000000000000