0000000000000000000000000000000000000000
0000000000000000000000000000000000000000
0000000000000000000000000000000000000000
0000000000000000000000000000000000000000
0000000000000000000000000000000000000000
0000000000000000000000000000000000000000
0000100000000000000000000000000000100000
0000100000000000000000000000000000100000
0000100000000000000000000000000000100000
0000111111111111111111111111111111100000
0000100000000000000000000000000000100000
0000100000000000000000000000000000100000
0000100000000000000000000000000000100000
0000000000000000000000000000000000000000
0000000000000000000000000000000000000000
0000000000000000000000000000000000000000
0000000000000000000000000000000000000000
0000000000000000000000000000000000000000
0000000000000000000000000000000000000000
0000000000000000000000000000000000000000