0000000000000000000000000000000000000000
0000000000000000000000000000000000000000
0000000000000000000000000000000000000000
0000000000000000000000000000000000000000
0000000000000000000000000000000000000000
0000000000000000000000000000001000000000
0000100000000000000000000000000110000000
0000100000000000000000000000000001000000
0000100000000000000000000000000011000000
0000111111111111111111111111111110000000
0000100000000000000000000000000000000000
0000100000000000000000000000000000000000
0000100000000000000000000000000000000000
0000000000000000000000000000000000000000
0000000000000000000000000000000000000000
0000000000000000000000000000000000000000
0000000000000000000000000000000000000000
0000000000000000000000000000000000000000
0000000000000000000000000000000000000000
0000000000000000000000000000000000000000