0000000000000000000000000000000000000000
0000000000000000000000000000000000000000
0000000000000000000000000000000000000000
0000000000000000000000000000000000000000
0000000000000000000000000000000000000000
0011111111111111100001111111111111111100
0000000000000000110111000000000000000000
0000000000000000011100000000000000000000
0000000000000000001000000000000000000000
0000000000000000001000000000000000000000
0000000000000000011110000000000000000000
0000000000000111110010000000000000000000
0000000000111100000011000000000000000000
0000000001100000000001111110000000000000
0000001111000000000000000011111000000000
0001111000000000000000000000001111100000
0011000000000000000000000000000000111110
0010000000000000000000000000000000000010
0000000000000000000000000000000000000000
0000000000000000000000000000000000000000
