0000000000000000000000000000000000000000
0000000000000000000000000000000000000000
0000000000000000000000000000000000000000
0000000000000000000000000000000000000000
0000000000000000000000000000000000000000
0000000000000000000000000000000000000000
0000000000000000000000000000000000000000
0000111111111111111111111111111111111000
0000000000000000000000000000000000001000
0000000000000000000000000000000000001000
0000000000000000000000000000000000001000
0000000000000000000000000000000000001000
0000000000000000000000000000000000001000
0000000000000000000000000000000000001000
0000000000000000000000000000000000001000
0000000000000000000000000000000000000000
0000000000000000000000000000000000000000
0000000000000000000000000000000000000000
0000000000000000000000000000000000000000
0000000000000000000000000000000000000000