0000000000000000000000000000000000000000
0000000000000000000000000000000000000000
0000000000000000000000000000000000000000
0000000000000000000000000000000000000000
0000000111111111111111111111111111111110
0000000011110000000000000000000000000000
0000000000011100000000000000000000000000
0000000000000110000000000000000000000000
0000000000000001000000000000000000000000
0000000000000001100000000000000000000000
0000000000000001111100000000000000000000
0000000000000001000000000000000000000000
0000000000000110000000000000000000000000
0000000000011100000000000000000000000000
0000000011110000000000000000000000000000
0000000111111111111111111111111111111110
0000000000000000000000000000000000000000
0000000000000000000000000000000000000000
0000000000000000000000000000000000000000
0000000000000000000000000000000000000000
