0000000000000000000000000000000000000000
0000000000000000000000000000000000000000
0000000000000000000000000000000000000000
0000000000000000000000000000000000000000
0000001111111111111111111111111111111100
0000000111100000000000000000000000000000
0000000000011100000000000000000000000000
0000000000000100000000000000000000000000
0000000000000011000000000000000000000000
0000000000000001111000000000000000000000
0000000000000000001110000000000000000000
0000000000000000000011111000000000000000
0000000000000000000000001100000000000000
0000000000000000000000000010000000000000
0000000000000000000000000011100000000000
0000000000000000000000000000011110000000
0001111111111111111111111111111111100000
0000000000000000000000000000000000000000
0000000000000000000000000000000000000000
0000000000000000000000000000000000000000