0000000000000000000000000000000000000000
0000000000000000000000000000000000000000
0000000000000000000000000000000000000000
0000000000000000000000000000000000000000
0000000000000000000000000000000000000000
0000000000000000000000000000000000000000
0001111111111111111111111111111111111100
0001000000000000000100000000000000000000
0001000000000000000100000000000000000000
0000100000000000001000000000000000000000
0000100000000000001000000000000000000000
0000010000000000010000000000000000000000
0000010000000000100000000000000000000000
0000001100000011000000000000000000000000
0000000011111100000000000000000000000000
0000000000000000000000000000000000000000
0000000000000000000000000000000000000000
0000000000000000000000000000000000000000
0000000000000000000000000000000000000000
0000000000000000000000000000000000000000