0000000000000000000000000000000000000000
0000000000000000000000000000000000000000
0000000000000000000000000000000000000000
0000000011111111111111000011111111111110
0000001100000000000000111100000000000000
0000001000000000000000001000000000000000
0000001000000000000000001000000000000000
0000001000000000000000001000000000000000
0000001000000000000000001000000000000000
0000001000000000000000001000000000000000
0000001000000000000000001000000000000000
0000001000000000000000000100000000000000
0000001000000000000000001111110000000000
0001001000000000000000001000001111000000
0000001000000000000000010000000001110000
0000001110000000000001100000000000011100
0000000011110000011111000000000000000010
0000000000011111110000000000000000000000
0000000000000000000000000000000000000000
0000000000000000000000000000000000000000