0000000000000000000000000000000000000000
0000000000000000000000000000000000000000
0000000000000000000000000000000000000000
0000000000000000000000000000000000000000
0000000001111111000000000000000001000000
0000001110000000110000000000000000100000
0000010000000000001000000000000000010000
0000100000000000000100000000000000010000
0000100000000000000100000000000000001000
0000100000000000000100000000000000001000
0000100000000000000010000000000000001000
0000010000000000000010000000000000001000
0000010000000000000010000000000000010000
0000001000000000000001000000000000100000
0000000100000000000000110000000111000000
0000000010000000000000001111111000000000
0000000000000000000000000000000000000000
0000000000000000000000000000000000000000
0000000000000000000000000000000000000000
0000000000000000000000000000000000000000