0000000000000000000000000000000000000000
0000000000000000000000000000000000000000
0000000000000000000000000000000000000000
0000000000000000000000000000000000000000
0000000100000000000000000000000000000000
0000000100000000000000000000000000000000
0000000100000000000000000000000000000000
0000000100000000000000000000000000000000
0000000100000000000000000000000000000000
0000000111111111111111111111111111111000
0000000100000000000000000000000000000000
0000000100000000000000000000000000000000
0000000100000000000000000000000000000000
0000000100000000000000000000000000000000
0000000100000000000000000000000000000000
0000000100000000000000000000000000000000
0000000000000000000000000000000000000000
0000000000000000000000000000000000000000
0000000000000000000000000000000000000000
0000000000000000000000000000000000000000