0000000000000000000000000000000000000000
0000000000000000000000000000000000000000
0000000000000000000000000000000000000000
0000111111111111111111111111110000000000
0000000000000000000000000000001000000000
0000000000000000000000000000001000000000
0000000000000000000000000000000100000000
0000000000000000000000000000000010000000
0000000000000000000000000000000010000000
0000000000000000000000000000000010000000
0000000000000000000000000000000010000000
0000000000000000000000000000000010000000
0000000000000000000000000000000100000000
0000000000000000000000000000001000000000
0000000000000000000000000000001000000000
0000111111111111111111111111110000000000
0000000000000000000000000000000000000000
0000000000000000000000000000000000000000
0000000000000000000000000000000000000000
0000000000000000000000000000000000000000
