0000000000000000000000000000000000000000
0000000000000000000000000000000000000000
0000000000000000000000000000000000000000
0000000000000000000000000000000000000000
0000000000000000000000000000000000000000
0001111111100000000000000000000000000000
0000000000111111100000000000000000000000
0000000000000000111111111000000000000000
0000000000000000000000001110000000000000
0000000000000000000000000011110000000000
0000000000000000000000000011111111110000
0000000000000000000000001110000000000000
0000000000000000111111111000000000000000
0000000000111111100000000000000000000000
0001111111100000000000000000000000000000
0000000000000000000000000000000000000000
0000000000000000000000000000000000000000
0000000000000000000000000000000000000000
0000000000000000000000000000000000000000
0000000000000000000000000000000000000000