0000000000000000000000000000000000000000
0000000000000000000000000000000000000000
0000111110000000000000000000000000000000
0000000001111111000000000000000000000000
0000000000000000111111000000000000000000
0000000000000000000000111111000000000000
0000000000000000000000000000111111000000
0000000000000000000000000000000000111100
0000000000000000000000000000000011100000
0000000000000000000000000000000100000000
0000000000000000000000000111111000000000
0000000000000000000000000000000100000000
0000000000000000000000000000000011100000
0000000000000000000000000000000000111100
0000000000000000000000000000111111000000
0000000000000000000000111111000000000000
0000000000000000111111000000000000000000
0000000000111111000000000000000000000000
0000111111000000000000000000000000000000
0000000000000000000000000000000000000000