0000000000000000000000000000000000000000
0000000000000000000000000000000000000000
0000000000000000000000000000000000000000
0000000000000000000000000000000000000000
0000000000000000000000000000000000000000
0000011111000000000000000000011110000000
0000000000111000000000000001110000000000
0000000000000110000000000110000000000000
0000000000000001100000011000000000000000
0000000000000000011001100000000000000000
0000000000000000001110000000000000000000
0000000000000000011010000000000000000000
0000000000000011000011000000000000000000
0000000000001100000000110000000000000000
0000000000111000000000000110000000000000
0000011111000000000000000001111110000000
0000000000000000000000000000000000000000
0000000000000000000000000000000000000000
0000000000000000000000000000000000000000
0000000000000000000000000000000000000000