0000000000000000000000000000000000000000
0000000000000000000000000000000000000000
0000000000000000000000000000000000000000
0000000000000000000000000000000000000000
0000000000000000000000000000000000000000
0000111000000000000000000000000000000000
0000000111100000000000000000000000000000
0000000000011100000000000000000000000000
0000000000000011100000000000000000000000
0000000000000000111000000000000000000000
0000000000000000111111111111111111111100
0000000000000011100000000000000000000000
0000000000011100000000000000000000000000
0000000111100000000000000000000000000000
0000111000000000000000000000000000000000
0000000000000000000000000000000000000000
0000000000000000000000000000000000000000
0000000000000000000000000000000000000000
0000000000000000000000000000000000000000
0000000000000000000000000000000000000000