0000000000000000000000000000000000000000
0000000000000000000000000000000000000000
0000000000000000000000000000000000000000
0000000000000000000000000000000000000000
0000100000000000000000000000000011110000
0000100000000000000000000000001110010000
0000100000000000000000000000011000010000
0000100000000000000000000011100000010000
0000100000000000000000001100000000010000
0000100000000000000000111000000000010000
0000100000000000000111000000000000010000
0000100000000000011110000000000000010000
0000100000000001100000000000000000010000
0000100000001110000000000000000000010000
0000100011110000000000000000000000010000
0000111100000000000000000000000000010000
0000100000000000000000000000000000010000
0000000000000000000000000000000000000000
0000000000000000000000000000000000000000
0000000000000000000000000000000000000000